#
#Tue Apr 30 12:22:10 CEST 2013
waypoint-50%cobblestone,50%98\:2=594.4148219447993,8.037927229035104,-107.41554786992671,94.444214,46.499866
waypoint-121=621.8923636345381,172.3584352768311,652.4115593610768,-22.681309,15.900042
speed=3.0
waypoint-fire=540.3811352304135,95.62138696812555,-282.8087367442356,181.651,6.299763
waypoint-0=707.793139174883,46.031676020801605,435.6000490506081,-58.595947,40.80001
waypoint-start=771.1200997264604,133.0,999.6471412282646,-90.47541,28.800034
waypoint-48=859.410679917744,204.9638342371908,925.0147689184098,219.70569,24.598608
waypoint-beach=-56.26666496108983,121.31869265504653,570.0544975604146,-223.24622,19.500011
waypoint-sandstone=839.1953535233637,144.02064399529047,993.9797180318029,42.472206,1.3500305
